# Tue 04:22:15 21-Apr-2026
begin	identify arc_template - Ap 1
	id	arc_template
	task	identify
	image	arc_template - Ap 1
	aperture	1
	aplow	70.13
	aphigh	74.97
	units	Angstroms
	features	23
	         73.08 3578.38599  3577.6364   4.0 1 1 ArII
	        200.20 3761.26122  3767.1883   4.0 1 1 ArII
	        393.07 4040.95614  4034.9488   4.0 1 1 ArII
	        398.40 4048.71396   4045.561   4.0 1 1 ArII
	        417.09 4075.95434  4073.1541   4.0 1 1 ArII
	        461.09 4140.14513  4132.8886   4.0 1 1 ArI
	        499.44 4196.18573   4201.858   4.0 1 1 ArII
	        524.90 4233.42247  4238.4126   4.0 1 1 ArII
	        573.77 4304.97812  4301.8591   4.0 1 1 ArII
	        590.31 4329.22693   4334.779   4.0 1 1 ArI
	        692.41 4479.12217  4483.0679   4.0 1 1 ArI
	        712.13  4508.1139   4511.998   4.0 1 1 ArII
	        766.21 4587.66975  4580.6326   4.0 1 1 ArI
	        771.82 4595.93714  4591.1837   4.0 1 1 ArII
	        779.64   4607.447  4610.8582   4.0 1 1 ArII
	        865.48 4733.90922  4737.2302   4.0 1 1 ArI
	        970.01 4888.07505  4881.2263   4.0 1 1 ArII
	       1021.55 4964.13277  4966.4649   4.0 1 1 ArII
	       1056.88 5016.26733  5018.5619   4.0 1 1 ArII
	       1087.37 5061.25903  5063.4483   4.0 1 1 ArII
	       1751.00 6037.65372   6033.797   4.0 1 1 ArI
	       2314.69 6868.61396   6873.185   4.0 1 1 ArII
	       2504.72 7151.52084   7149.012   4.0 1 1 ArII
	function spline3
	order 2
	sample *
	naverage 1
	niterate 0
	low_reject 3.
	high_reject 3.
	grow 0.
	coefficients	9
		3.
		2.
		1.
		2681.
		269.7677961194631
		574.6110429957886
		907.0954841670085
		1232.234722888797
		1579.916386998052

